0.000000  	0.128156
0.006000  	0.234798
0.012000  	1.090610
0.018000  	1.912822
0.024000  	1.902301
0.030000  	1.756638
0.036000  	1.814305
0.042000  	1.847775
0.048000  	1.824392
0.054000  	1.821363
0.060000  	1.828620
0.066000  	1.828304
0.072000  	1.826625
0.078000  	1.826901
0.084000  	1.825767
0.090000  	1.828134
0.096000  	1.828342
0.102000  	1.825864
0.108000  	1.833071
0.114000  	1.938755
0.120000  	2.024625
0.126000  	1.975430
0.132000  	1.934458
0.138000  	1.940376
0.144000  	1.945234
0.150000  	1.940695
0.156000  	1.936511
0.162000  	1.934377
0.168000  	1.930928
0.174000  	1.927265
0.180000  	1.925543
0.186000  	1.922875
0.192000  	1.914794
0.198000  	1.898317
0.204000  	1.889684
0.210000  	1.894432
0.216000  	1.891313
0.222000  	1.883437
0.228000  	1.872563
0.234000  	1.863647
0.240000  	1.857132
0.246000  	1.856751
0.252000  	1.866275
0.258000  	1.859315
0.264000  	1.843924
0.270000  	1.847735
0.276000  	1.857837
0.282000  	1.857086
0.288000  	1.853254
0.294000  	1.863500
0.300000  	1.876913
0.306000  	1.882489
0.312000  	1.886863
0.318000  	1.881222
0.324000  	1.912007
0.330000  	1.977927
0.336000  	1.985829
0.342000  	1.980295
0.348000  	2.013471
0.354000  	2.042163
0.360000  	2.062051
0.366000  	2.093873
0.372000  	2.117153
0.378000  	2.136427
0.384000  	2.169696
0.390000  	2.194281
0.396000  	2.204966
0.402000  	2.227825
0.408000  	2.252756
0.414000  	2.258213
0.420000  	2.257662
0.426000  	2.270641
0.432000  	2.272178
0.438000  	2.257923
0.444000  	2.251195
0.450000  	2.240173
0.456000  	2.214572
0.462000  	2.191685
0.468000  	2.167522
0.474000  	2.127693
0.480000  	2.086873
0.486000  	2.049670
0.492000  	2.001422
0.498000  	1.949539
0.504000  	1.902533
0.510000  	1.850819
0.516000  	1.794686
0.522000  	1.746230
0.528000  	1.695297
0.534000  	1.636031
0.540000  	1.589909
0.546000  	1.546743
0.552000  	1.499687
0.558000  	1.466394
0.564000  	1.436587
0.570000  	1.400625
0.576000  	1.384633
0.582000  	1.375582
0.588000  	1.362368
0.594000  	1.365218
0.600000  	1.375082
0.606000  	1.389337
0.612000  	1.418345
0.618000  	1.452940
0.624000  	1.484723
0.630000  	1.536182
0.636000  	1.596258
0.642000  	1.650539
0.648000  	1.724426
0.654000  	1.805056
0.660000  	1.870981
0.666000  	1.955581
0.672000  	2.048962
0.678000  	2.124081
0.684000  	2.207903
0.690000  	2.294836
0.696000  	2.369234
0.702000  	2.442754
0.708000  	2.510841
0.714000  	2.571183
0.720000  	2.628641
0.726000  	2.671200
0.732000  	2.713065
0.738000  	2.740427
0.744000  	2.748581
0.750000  	2.757686
0.756000  	2.757172
0.762000  	2.730303
0.768000  	2.706655
0.774000  	2.665453
0.780000  	2.587676
0.786000  	2.524828
0.792000  	2.468258
0.798000  	2.374728
0.804000  	2.286854
0.810000  	2.196038
0.816000  	2.083548
0.822000  	1.972164
0.828000  	1.875591
0.834000  	1.764502
0.840000  	1.647317
0.846000  	1.545086
0.852000  	1.461845
0.858000  	1.368797
0.864000  	1.272844
0.870000  	1.186470
0.876000  	1.123102
0.882000  	1.065297
0.888000  	1.008613
0.894000  	0.974794
0.900000  	0.951375
0.906000  	0.935324
0.912000  	0.945786
0.918000  	0.966694
0.924000  	0.994739
0.930000  	1.051570
0.936000  	1.114380
0.942000  	1.181807
0.948000  	1.280163
0.954000  	1.382090
0.960000  	1.480907
0.966000  	1.604142
0.972000  	1.731748
0.978000  	1.854282
0.984000  	1.988220
0.990000  	2.112631
0.996000  	2.246299
